   1
  99
  32
  32
  32
  32
  32
  32
  32
  32
  32
  32
  32
  32
  32
  32
  32
  32
  32
  32
  32
  32
  32
  32
  32
  32
  32
  32
  32
  32
  32
  32
  32
  32
  32
  32
  32
  32
  32
  32
  32
  32
  32
  32
  32
  32
  32
  32
  32
  32
  32
  32
  32
  32
  32
  32
  32
  32
  32
  32
  32
  32
  32
  32
  32
  32
  32
  32
  32
  32
  32
  32
  32
  32
  32
  32
  32
  32
  32
  32
  32
  32
  32
  32
  32
  32
  32
  32
  32
  32
  32
  32
  32
  32
  32
  32
  32
  32
  32
  32
  32
    72.6100000
    72.6100000
    72.6100000
    72.6100000
    72.6100000
    72.6100000
    72.6100000
    72.6100000
    72.6100000
    72.6100000
    72.6100000
    72.6100000
    72.6100000
    72.6100000
    72.6100000
    72.6100000
    72.6100000
    72.6100000
    72.6100000
    72.6100000
    72.6100000
    72.6100000
    72.6100000
    72.6100000
    72.6100000
    72.6100000
    72.6100000
    72.6100000
    72.6100000
    72.6100000
    72.6100000
    72.6100000
    72.6100000
    72.6100000
    72.6100000
    72.6100000
    72.6100000
    72.6100000
    72.6100000
    72.6100000
    72.6100000
    72.6100000
    72.6100000
    72.6100000
    72.6100000
    72.6100000
    72.6100000
    72.6100000
    72.6100000
    72.6100000
    72.6100000
    72.6100000
    72.6100000
    72.6100000
    72.6100000
    72.6100000
    72.6100000
    72.6100000
    72.6100000
    72.6100000
    72.6100000
    72.6100000
    72.6100000
    72.6100000
    72.6100000
    72.6100000
    72.6100000
    72.6100000
    72.6100000
    72.6100000
    72.6100000
    72.6100000
    72.6100000
    72.6100000
    72.6100000
    72.6100000
    72.6100000
    72.6100000
    72.6100000
    72.6100000
    72.6100000
    72.6100000
    72.6100000
    72.6100000
    72.6100000
    72.6100000
    72.6100000
    72.6100000
    72.6100000
    72.6100000
    72.6100000
    72.6100000
    72.6100000
    72.6100000
    72.6100000
    72.6100000
    72.6100000
    72.6100000
    72.6100000
    0.00000    0.00000    0.00000
   -2.63732   -2.63732    2.63732
   -2.63732    2.63732   -2.63732
    2.63732   -2.63732   -2.63732
    2.63732    2.63732    2.63732
    5.27464    0.00000    5.27464
    0.00000    5.27464    5.27464
    5.27464    5.27464    0.00000
    0.00000   -5.27464    5.27464
   -5.27464    0.00000    5.27464
    0.00000    5.27464   -5.27464
    5.27464    0.00000   -5.27464
   -5.27464    5.27464    0.00000
    5.27464   -5.27464    0.00000
   -5.27464    0.00000   -5.27464
    0.00000   -5.27464   -5.27464
   -5.27464   -5.27464    0.00000
   -7.91196    2.63732    2.63732
    2.63732   -7.91196    2.63732
   -7.91196   -2.63732   -2.63732
   -2.63732   -7.91196   -2.63732
   -2.63732    7.91196    2.63732
    2.63732    7.91196   -2.63732
    7.91196   -2.63732    2.63732
    7.91196    2.63732   -2.63732
   -2.63732   -2.63732   -7.91196
   -2.63732    2.63732    7.91196
    2.63732   -2.63732    7.91196
    2.63732    2.63732   -7.91196
    0.00000   10.54929   -0.00000
  -10.54929    0.00000    0.00000
    0.00000  -10.54929    0.00000
    0.00000    0.00000  -10.54929
    0.00000    0.00000   10.54929
   10.54929    0.00000    0.00000
    2.63732   -7.91196   -7.91196
   -7.91196    2.63732   -7.91196
   -2.63732   -7.91196    7.91196
   -7.91196   -2.63732    7.91196
   -2.63732    7.91196   -7.91196
    2.63732    7.91196    7.91196
    7.91196   -2.63732   -7.91196
    7.91196    2.63732    7.91196
   -7.91196   -7.91196    2.63732
   -7.91196    7.91196   -2.63732
    7.91196   -7.91196   -2.63732
    7.91196    7.91196    2.63732
    5.27464    5.27464   10.54929
   10.54929    5.27464    5.27464
    5.27464   10.54929    5.27464
   -5.27464   -5.27464   10.54929
   -5.27464   10.54929   -5.27464
   10.54929   -5.27464   -5.27464
  -10.54929    5.27464   -5.27464
   -5.27464    5.27464  -10.54929
    5.27464  -10.54929   -5.27464
    5.27464   -5.27464  -10.54929
  -10.54929   -5.27464    5.27464
   -5.27464  -10.54929    5.27464
   -5.27464    5.27464   10.54929
    5.27464   -5.27464   10.54929
   -5.27464   10.54929    5.27464
   10.54929   -5.27464    5.27464
   10.54929    5.27464   -5.27464
    5.27464   10.54929   -5.27464
  -10.54929    5.27464    5.27464
    5.27464    5.27464  -10.54929
    5.27464  -10.54929    5.27464
  -10.54929   -5.27464   -5.27464
   -5.27464  -10.54929   -5.27464
   -5.27464   -5.27464  -10.54929
   -7.91196   -7.91196   -7.91196
    7.91196   -7.91196    7.91196
   -7.91196    7.91196    7.91196
    7.91196    7.91196   -7.91196
   -2.63732   13.18659   -2.63732
  -13.18659   -2.63732    2.63732
  -13.18659    2.63732   -2.63732
   -2.63732  -13.18659    2.63732
    2.63732  -13.18659   -2.63732
    2.63732   13.18659    2.63732
   13.18659   -2.63732   -2.63732
   13.18659    2.63732    2.63732
   -2.63732   -2.63732   13.18659
   -2.63732    2.63732  -13.18659
    2.63732   -2.63732  -13.18659
    2.63732    2.63732   13.18659
   10.54929   10.54929   -0.00000
   -0.00000   10.54929   10.54929
   10.54929   -0.00000   10.54929
  -10.54929    0.00000   10.54929
  -10.54929   10.54929    0.00000
    0.00000  -10.54929   10.54929
   10.54929  -10.54929    0.00000
    0.00000   10.54929  -10.54929
   10.54929    0.00000  -10.54929
    0.00000  -10.54929  -10.54929
  -10.54929    0.00000  -10.54929
  -10.54929  -10.54929    0.00000
   1   1
  1.190875E-01  0.000000E+00  0.000000E+00
  0.000000E+00  1.190875E-01  0.000000E+00
  0.000000E+00  0.000000E+00  1.190875E-01
   1   2
 -2.943049E-02 -2.040381E-02  2.039828E-02
 -2.040381E-02 -2.943049E-02  2.039828E-02
  2.039828E-02  2.039828E-02 -2.943049E-02
   1   3
 -2.943049E-02  2.039828E-02 -2.040381E-02
  2.039828E-02 -2.943049E-02  2.039828E-02
 -2.040381E-02  2.039828E-02 -2.943049E-02
   1   4
 -2.943049E-02  2.039828E-02  2.039828E-02
  2.039828E-02 -2.943049E-02 -2.040381E-02
  2.039828E-02 -2.040381E-02 -2.943049E-02
   1   5
 -2.943049E-02 -2.040381E-02 -2.040381E-02
 -2.040381E-02 -2.943049E-02 -2.040381E-02
 -2.040381E-02 -2.040381E-02 -2.943049E-02
   1   6
 -1.678850E-03  8.336751E-04 -1.674402E-03
  8.336751E-04  4.083675E-03 -8.336808E-04
 -1.674402E-03 -8.336808E-04 -1.678850E-03
   1   7
  4.083675E-03 -8.336808E-04 -8.336808E-04
 -8.336808E-04 -1.678850E-03 -1.674402E-03
 -8.336808E-04 -1.674402E-03 -1.678850E-03
   1   8
 -1.678850E-03 -1.674402E-03  8.336751E-04
 -1.674402E-03 -1.678850E-03  8.336751E-04
  8.336751E-04  8.336751E-04  4.083675E-03
   1   9
  4.083675E-03 -8.336808E-04  8.336751E-04
 -8.336808E-04 -1.678850E-03  1.674375E-03
  8.336751E-04  1.674375E-03 -1.678850E-03
   1  10
 -1.678850E-03  8.336751E-04  1.674375E-03
  8.336751E-04  4.083675E-03  8.336751E-04
  1.674375E-03  8.336751E-04 -1.678850E-03
   1  11
  4.083675E-03  8.336751E-04 -8.336808E-04
  8.336751E-04 -1.678850E-03  1.674375E-03
 -8.336808E-04  1.674375E-03 -1.678850E-03
   1  12
 -1.678850E-03 -8.336808E-04  1.674375E-03
 -8.336808E-04  4.083675E-03 -8.336808E-04
  1.674375E-03 -8.336808E-04 -1.678850E-03
   1  13
 -1.678850E-03  1.674375E-03  8.336751E-04
  1.674375E-03 -1.678850E-03 -8.336808E-04
  8.336751E-04 -8.336808E-04  4.083675E-03
   1  14
 -1.678850E-03  1.674375E-03 -8.336808E-04
  1.674375E-03 -1.678850E-03  8.336751E-04
 -8.336808E-04  8.336751E-04  4.083675E-03
   1  15
 -1.678850E-03 -8.336808E-04 -1.674402E-03
 -8.336808E-04  4.083675E-03  8.336751E-04
 -1.674402E-03  8.336751E-04 -1.678850E-03
   1  16
  4.083675E-03  8.336751E-04  8.336751E-04
  8.336751E-04 -1.678850E-03 -1.674402E-03
  8.336751E-04 -1.674402E-03 -1.678850E-03
   1  17
 -1.678850E-03 -1.674402E-03 -8.336808E-04
 -1.674402E-03 -1.678850E-03 -8.336808E-04
 -8.336808E-04 -8.336808E-04  4.083675E-03
   1  18
  2.014838E-04 -3.385162E-04 -3.385162E-04
 -3.385162E-04  5.155483E-04 -6.029677E-04
 -3.385162E-04 -6.029677E-04  5.155483E-04
   1  19
  5.155483E-04 -3.385162E-04 -6.029677E-04
 -3.385162E-04  2.014838E-04 -3.385162E-04
 -6.029677E-04 -3.385162E-04  5.155483E-04
   1  20
  2.014838E-04  3.385162E-04  3.385162E-04
  3.385162E-04  5.155483E-04 -6.029677E-04
  3.385162E-04 -6.029677E-04  5.155483E-04
   1  21
  5.155483E-04  3.385162E-04 -6.029677E-04
  3.385162E-04  2.014838E-04  3.385162E-04
 -6.029677E-04  3.385162E-04  5.155483E-04
   1  22
  5.155483E-04 -3.385162E-04  6.029676E-04
 -3.385162E-04  2.014838E-04  3.385162E-04
  6.029676E-04  3.385162E-04  5.155483E-04
   1  23
  5.155483E-04  3.385162E-04  6.029676E-04
  3.385162E-04  2.014838E-04 -3.385162E-04
  6.029676E-04 -3.385162E-04  5.155483E-04
   1  24
  2.014838E-04 -3.385162E-04  3.385162E-04
 -3.385162E-04  5.155483E-04  6.029676E-04
  3.385162E-04  6.029676E-04  5.155483E-04
   1  25
  2.014838E-04  3.385162E-04 -3.385162E-04
  3.385162E-04  5.155483E-04  6.029676E-04
 -3.385162E-04  6.029676E-04  5.155483E-04
   1  26
  5.155483E-04 -6.029677E-04  3.385162E-04
 -6.029677E-04  5.155483E-04  3.385162E-04
  3.385162E-04  3.385162E-04  2.014838E-04
   1  27
  5.155483E-04  6.029676E-04 -3.385162E-04
  6.029676E-04  5.155483E-04  3.385162E-04
 -3.385162E-04  3.385162E-04  2.014838E-04
   1  28
  5.155483E-04  6.029676E-04  3.385162E-04
  6.029676E-04  5.155483E-04 -3.385162E-04
  3.385162E-04 -3.385162E-04  2.014838E-04
   1  29
  5.155483E-04 -6.029677E-04 -3.385162E-04
 -6.029677E-04  5.155483E-04 -3.385162E-04
 -3.385162E-04 -3.385162E-04  2.014838E-04
   1  30
 -2.485162E-04  0.000000E+00  0.000000E+00
  0.000000E+00 -1.385162E-04  0.000000E+00
  0.000000E+00  0.000000E+00 -2.485162E-04
   1  31
 -1.385162E-04  0.000000E+00  0.000000E+00
  0.000000E+00 -2.485162E-04  0.000000E+00
  0.000000E+00  0.000000E+00 -2.485162E-04
   1  32
 -2.485162E-04  0.000000E+00  0.000000E+00
  0.000000E+00 -1.385162E-04  0.000000E+00
  0.000000E+00  0.000000E+00 -2.485162E-04
   1  33
 -2.485162E-04  0.000000E+00  0.000000E+00
  0.000000E+00 -2.485162E-04  0.000000E+00
  0.000000E+00  0.000000E+00 -1.385162E-04
   1  34
 -2.485162E-04  0.000000E+00  0.000000E+00
  0.000000E+00 -2.485162E-04  0.000000E+00
  0.000000E+00  0.000000E+00 -1.385162E-04
   1  35
 -1.385162E-04  0.000000E+00  0.000000E+00
  0.000000E+00 -2.485162E-04  0.000000E+00
  0.000000E+00  0.000000E+00 -2.485162E-04
   1  36
 -2.291484E-03 -1.325815E-04 -1.325815E-04
 -1.325815E-04 -1.155487E-04 -1.325815E-04
 -1.325815E-04 -1.325815E-04 -1.155487E-04
   1  37
 -1.155487E-04 -1.325815E-04 -1.325815E-04
 -1.325815E-04 -2.291484E-03 -1.325815E-04
 -1.325815E-04 -1.325815E-04 -1.155487E-04
   1  38
 -2.291484E-03  1.325803E-04 -1.325815E-04
  1.325803E-04 -1.155487E-04  1.325803E-04
 -1.325815E-04  1.325803E-04 -1.155487E-04
   1  39
 -1.155487E-04  1.325803E-04  1.325803E-04
  1.325803E-04 -2.291484E-03 -1.325815E-04
  1.325803E-04 -1.325815E-04 -1.155487E-04
   1  40
 -2.291484E-03 -1.325815E-04  1.325803E-04
 -1.325815E-04 -1.155487E-04  1.325803E-04
  1.325803E-04  1.325803E-04 -1.155487E-04
   1  41
 -2.291484E-03  1.325803E-04  1.325803E-04
  1.325803E-04 -1.155487E-04 -1.325815E-04
  1.325803E-04 -1.325815E-04 -1.155487E-04
   1  42
 -1.155487E-04 -1.325815E-04  1.325803E-04
 -1.325815E-04 -2.291484E-03  1.325803E-04
  1.325803E-04  1.325803E-04 -1.155487E-04
   1  43
 -1.155487E-04  1.325803E-04 -1.325815E-04
  1.325803E-04 -2.291484E-03  1.325803E-04
 -1.325815E-04  1.325803E-04 -1.155487E-04
   1  44
 -1.155487E-04 -1.325815E-04 -1.325815E-04
 -1.325815E-04 -1.155487E-04 -1.325815E-04
 -1.325815E-04 -1.325815E-04 -2.291484E-03
   1  45
 -1.155487E-04  1.325803E-04  1.325803E-04
  1.325803E-04 -1.155487E-04 -1.325815E-04
  1.325803E-04 -1.325815E-04 -2.291484E-03
   1  46
 -1.155487E-04  1.325803E-04 -1.325815E-04
  1.325803E-04 -1.155487E-04  1.325803E-04
 -1.325815E-04  1.325803E-04 -2.291484E-03
   1  47
 -1.155487E-04 -1.325815E-04  1.325803E-04
 -1.325815E-04 -1.155487E-04  1.325803E-04
  1.325803E-04  1.325803E-04 -2.291484E-03
   1  48
 -1.985162E-04  4.100000E-04  3.851615E-05
  4.100000E-04 -1.985162E-04  3.851615E-05
  3.851615E-05  3.851615E-05 -3.148385E-05
   1  49
 -3.148385E-05 -3.851620E-05 -3.851620E-05
 -3.851620E-05 -1.985162E-04  4.100000E-04
 -3.851620E-05  4.100000E-04 -1.985162E-04
   1  50
 -1.985162E-04  3.851615E-05  4.100000E-04
  3.851615E-05 -3.148385E-05 -3.851620E-05
  4.100000E-04 -3.851620E-05 -1.985162E-04
   1  51
 -1.985162E-04  4.100000E-04 -3.851620E-05
  4.100000E-04 -1.985162E-04 -3.851620E-05
 -3.851620E-05 -3.851620E-05 -3.148385E-05
   1  52
 -1.985162E-04 -3.851620E-05  4.100000E-04
 -3.851620E-05 -3.148385E-05  3.851615E-05
  4.100000E-04  3.851615E-05 -1.985162E-04
   1  53
 -3.148385E-05  3.851615E-05  3.851615E-05
  3.851615E-05 -1.985162E-04  4.100000E-04
  3.851615E-05  4.100000E-04 -1.985162E-04
   1  54
 -3.148385E-05  3.851615E-05 -3.851620E-05
  3.851615E-05 -1.985162E-04 -4.100000E-04
 -3.851620E-05 -4.100000E-04 -1.985162E-04
   1  55
 -1.985162E-04 -4.100000E-04  3.851615E-05
 -4.100000E-04 -1.985162E-04 -3.851620E-05
  3.851615E-05 -3.851620E-05 -3.148385E-05
   1  56
 -1.985162E-04 -3.851620E-05 -4.100000E-04
 -3.851620E-05 -3.148385E-05 -3.851620E-05
 -4.100000E-04 -3.851620E-05 -1.985162E-04
   1  57
 -1.985162E-04 -4.100000E-04 -3.851620E-05
 -4.100000E-04 -1.985162E-04  3.851615E-05
 -3.851620E-05  3.851615E-05 -3.148385E-05
   1  58
 -3.148385E-05 -3.851620E-05  3.851615E-05
 -3.851620E-05 -1.985162E-04 -4.100000E-04
  3.851615E-05 -4.100000E-04 -1.985162E-04
   1  59
 -1.985162E-04  3.851615E-05 -4.100000E-04
  3.851615E-05 -3.148385E-05  3.851615E-05
 -4.100000E-04  3.851615E-05 -1.985162E-04
   1  60
 -1.985162E-04 -4.100000E-04  3.851615E-05
 -4.100000E-04 -1.985162E-04 -3.851620E-05
  3.851615E-05 -3.851620E-05 -3.148385E-05
   1  61
 -1.985162E-04 -4.100000E-04 -3.851620E-05
 -4.100000E-04 -1.985162E-04  3.851615E-05
 -3.851620E-05  3.851615E-05 -3.148385E-05
   1  62
 -1.985162E-04  3.851615E-05 -4.100000E-04
  3.851615E-05 -3.148385E-05  3.851615E-05
 -4.100000E-04  3.851615E-05 -1.985162E-04
   1  63
 -3.148385E-05 -3.851620E-05  3.851615E-05
 -3.851620E-05 -1.985162E-04 -4.100000E-04
  3.851615E-05 -4.100000E-04 -1.985162E-04
   1  64
 -3.148385E-05  3.851615E-05 -3.851620E-05
  3.851615E-05 -1.985162E-04 -4.100000E-04
 -3.851620E-05 -4.100000E-04 -1.985162E-04
   1  65
 -1.985162E-04 -3.851620E-05 -4.100000E-04
 -3.851620E-05 -3.148385E-05 -3.851620E-05
 -4.100000E-04 -3.851620E-05 -1.985162E-04
   1  66
 -3.148385E-05 -3.851620E-05 -3.851620E-05
 -3.851620E-05 -1.985162E-04  4.100000E-04
 -3.851620E-05  4.100000E-04 -1.985162E-04
   1  67
 -1.985162E-04  4.100000E-04  3.851615E-05
  4.100000E-04 -1.985162E-04  3.851615E-05
  3.851615E-05  3.851615E-05 -3.148385E-05
   1  68
 -1.985162E-04  3.851615E-05  4.100000E-04
  3.851615E-05 -3.148385E-05 -3.851620E-05
  4.100000E-04 -3.851620E-05 -1.985162E-04
   1  69
 -3.148385E-05  3.851615E-05  3.851615E-05
  3.851615E-05 -1.985162E-04  4.100000E-04
  3.851615E-05  4.100000E-04 -1.985162E-04
   1  70
 -1.985162E-04 -3.851620E-05  4.100000E-04
 -3.851620E-05 -3.148385E-05  3.851615E-05
  4.100000E-04  3.851615E-05 -1.985162E-04
   1  71
 -1.985162E-04  4.100000E-04 -3.851620E-05
  4.100000E-04 -1.985162E-04 -3.851620E-05
 -3.851620E-05 -3.851620E-05 -3.148385E-05
   1  72
  2.400000E-04 -3.400000E-04 -3.400000E-04
 -3.400000E-04  2.400000E-04 -3.400000E-04
 -3.400000E-04 -3.400000E-04  2.400000E-04
   1  73
  2.400000E-04  3.400000E-04 -3.400000E-04
  3.400000E-04  2.400000E-04  3.400000E-04
 -3.400000E-04  3.400000E-04  2.400000E-04
   1  74
  2.400000E-04  3.400000E-04  3.400000E-04
  3.400000E-04  2.400000E-04 -3.400000E-04
  3.400000E-04 -3.400000E-04  2.400000E-04
   1  75
  2.400000E-04 -3.400000E-04  3.400000E-04
 -3.400000E-04  2.400000E-04  3.400000E-04
  3.400000E-04  3.400000E-04  2.400000E-04
   1  76
  0.000000E+00  0.000000E+00  0.000000E+00
  0.000000E+00  0.000000E+00  0.000000E+00
  0.000000E+00  0.000000E+00  0.000000E+00
   1  77
  0.000000E+00  0.000000E+00  0.000000E+00
  0.000000E+00  0.000000E+00  0.000000E+00
  0.000000E+00  0.000000E+00  0.000000E+00
   1  78
  0.000000E+00  0.000000E+00  0.000000E+00
  0.000000E+00  0.000000E+00  0.000000E+00
  0.000000E+00  0.000000E+00  0.000000E+00
   1  79
  0.000000E+00  0.000000E+00  0.000000E+00
  0.000000E+00  0.000000E+00  0.000000E+00
  0.000000E+00  0.000000E+00  0.000000E+00
   1  80
  0.000000E+00  0.000000E+00  0.000000E+00
  0.000000E+00  0.000000E+00  0.000000E+00
  0.000000E+00  0.000000E+00  0.000000E+00
   1  81
  0.000000E+00  0.000000E+00  0.000000E+00
  0.000000E+00  0.000000E+00  0.000000E+00
  0.000000E+00  0.000000E+00  0.000000E+00
   1  82
  0.000000E+00  0.000000E+00  0.000000E+00
  0.000000E+00  0.000000E+00  0.000000E+00
  0.000000E+00  0.000000E+00  0.000000E+00
   1  83
  0.000000E+00  0.000000E+00  0.000000E+00
  0.000000E+00  0.000000E+00  0.000000E+00
  0.000000E+00  0.000000E+00  0.000000E+00
   1  84
  0.000000E+00  0.000000E+00  0.000000E+00
  0.000000E+00  0.000000E+00  0.000000E+00
  0.000000E+00  0.000000E+00  0.000000E+00
   1  85
  0.000000E+00  0.000000E+00  0.000000E+00
  0.000000E+00  0.000000E+00  0.000000E+00
  0.000000E+00  0.000000E+00  0.000000E+00
   1  86
  0.000000E+00  0.000000E+00  0.000000E+00
  0.000000E+00  0.000000E+00  0.000000E+00
  0.000000E+00  0.000000E+00  0.000000E+00
   1  87
  0.000000E+00  0.000000E+00  0.000000E+00
  0.000000E+00  0.000000E+00  0.000000E+00
  0.000000E+00  0.000000E+00  0.000000E+00
   1  88
  0.000000E+00  0.000000E+00  0.000000E+00
  0.000000E+00  0.000000E+00  0.000000E+00
  0.000000E+00  0.000000E+00  0.000000E+00
   1  89
  0.000000E+00  0.000000E+00  0.000000E+00
  0.000000E+00  0.000000E+00  0.000000E+00
  0.000000E+00  0.000000E+00  0.000000E+00
   1  90
  0.000000E+00  0.000000E+00  0.000000E+00
  0.000000E+00  0.000000E+00  0.000000E+00
  0.000000E+00  0.000000E+00  0.000000E+00
   1  91
  0.000000E+00  0.000000E+00  0.000000E+00
  0.000000E+00  0.000000E+00  0.000000E+00
  0.000000E+00  0.000000E+00  0.000000E+00
   1  92
  0.000000E+00  0.000000E+00  0.000000E+00
  0.000000E+00  0.000000E+00  0.000000E+00
  0.000000E+00  0.000000E+00  0.000000E+00
   1  93
  0.000000E+00  0.000000E+00  0.000000E+00
  0.000000E+00  0.000000E+00  0.000000E+00
  0.000000E+00  0.000000E+00  0.000000E+00
   1  94
  0.000000E+00  0.000000E+00  0.000000E+00
  0.000000E+00  0.000000E+00  0.000000E+00
  0.000000E+00  0.000000E+00  0.000000E+00
   1  95
  0.000000E+00  0.000000E+00  0.000000E+00
  0.000000E+00  0.000000E+00  0.000000E+00
  0.000000E+00  0.000000E+00  0.000000E+00
   1  96
  0.000000E+00  0.000000E+00  0.000000E+00
  0.000000E+00  0.000000E+00  0.000000E+00
  0.000000E+00  0.000000E+00  0.000000E+00
   1  97
  0.000000E+00  0.000000E+00  0.000000E+00
  0.000000E+00  0.000000E+00  0.000000E+00
  0.000000E+00  0.000000E+00  0.000000E+00
   1  98
  0.000000E+00  0.000000E+00  0.000000E+00
  0.000000E+00  0.000000E+00  0.000000E+00
  0.000000E+00  0.000000E+00  0.000000E+00
   1  99
  0.000000E+00  0.000000E+00  0.000000E+00
  0.000000E+00  0.000000E+00  0.000000E+00
  0.000000E+00  0.000000E+00  0.000000E+00
   2   1
 -2.943049E-02 -2.040381E-02  2.039828E-02
 -2.040381E-02 -2.943049E-02  2.039828E-02
  2.039828E-02  2.039828E-02 -2.943049E-02
   2   2
  1.190875E-01  0.000000E+00  0.000000E+00
  0.000000E+00  1.190875E-01  0.000000E+00
  0.000000E+00  0.000000E+00  1.190875E-01
   2   3
  4.083675E-03 -8.336808E-04  8.336751E-04
 -8.336808E-04 -1.678850E-03  1.674375E-03
  8.336751E-04  1.674375E-03 -1.678850E-03
   2   4
 -1.678850E-03  8.336751E-04  1.674375E-03
  8.336751E-04  4.083675E-03  8.336751E-04
  1.674375E-03  8.336751E-04 -1.678850E-03
   2   5
 -1.678850E-03 -1.674402E-03 -8.336808E-04
 -1.674402E-03 -1.678850E-03 -8.336808E-04
 -8.336808E-04 -8.336808E-04  4.083675E-03
   2   6
  2.014838E-04  3.385162E-04  3.385162E-04
  3.385162E-04  5.155483E-04 -6.029677E-04
  3.385162E-04 -6.029677E-04  5.155483E-04
   2   7
  5.155483E-04  3.385162E-04 -6.029677E-04
  3.385162E-04  2.014838E-04  3.385162E-04
 -6.029677E-04  3.385162E-04  5.155483E-04
   2   8
 -1.155487E-04 -1.325815E-04 -1.325815E-04
 -1.325815E-04 -1.155487E-04 -1.325815E-04
 -1.325815E-04 -1.325815E-04 -2.291484E-03
   2   9
 -2.943049E-02  2.039828E-02 -2.040381E-02
  2.039828E-02 -2.943049E-02  2.039828E-02
 -2.040381E-02  2.039828E-02 -2.943049E-02
   2  10
 -2.943049E-02  2.039828E-02  2.039828E-02
  2.039828E-02 -2.943049E-02 -2.040381E-02
  2.039828E-02 -2.040381E-02 -2.943049E-02
   2  11
 -2.291484E-03  1.325803E-04 -1.325815E-04
  1.325803E-04 -1.155487E-04  1.325803E-04
 -1.325815E-04  1.325803E-04 -1.155487E-04
   2  12
 -1.155487E-04  1.325803E-04  1.325803E-04
  1.325803E-04 -2.291484E-03 -1.325815E-04
  1.325803E-04 -1.325815E-04 -1.155487E-04
   2  13
  5.155483E-04 -3.385162E-04 -6.029677E-04
 -3.385162E-04  2.014838E-04 -3.385162E-04
 -6.029677E-04 -3.385162E-04  5.155483E-04
   2  14
  2.014838E-04 -3.385162E-04 -3.385162E-04
 -3.385162E-04  5.155483E-04 -6.029677E-04
 -3.385162E-04 -6.029677E-04  5.155483E-04
   2  15
  5.155483E-04  6.029676E-04  3.385162E-04
  6.029676E-04  5.155483E-04 -3.385162E-04
  3.385162E-04 -3.385162E-04  2.014838E-04
   2  16
  5.155483E-04  6.029676E-04 -3.385162E-04
  6.029676E-04  5.155483E-04  3.385162E-04
 -3.385162E-04  3.385162E-04  2.014838E-04
   2  17
 -2.943049E-02 -2.040381E-02 -2.040381E-02
 -2.040381E-02 -2.943049E-02 -2.040381E-02
 -2.040381E-02 -2.040381E-02 -2.943049E-02
   2  18
 -1.678850E-03  1.674375E-03 -8.336808E-04
  1.674375E-03 -1.678850E-03  8.336751E-04
 -8.336808E-04  8.336751E-04  4.083675E-03
   2  19
 -1.678850E-03  1.674375E-03  8.336751E-04
  1.674375E-03 -1.678850E-03 -8.336808E-04
  8.336751E-04 -8.336808E-04  4.083675E-03
   2  20
 -1.678850E-03  8.336751E-04 -1.674402E-03
  8.336751E-04  4.083675E-03 -8.336808E-04
 -1.674402E-03 -8.336808E-04 -1.678850E-03
   2  21
  4.083675E-03 -8.336808E-04 -8.336808E-04
 -8.336808E-04 -1.678850E-03 -1.674402E-03
 -8.336808E-04 -1.674402E-03 -1.678850E-03
   2  22
 -2.485162E-04  0.000000E+00  0.000000E+00
  0.000000E+00 -1.385162E-04  0.000000E+00
  0.000000E+00  0.000000E+00 -2.485162E-04
   2  23
 -1.985162E-04  3.851615E-05 -4.100000E-04
  3.851615E-05 -3.148385E-05  3.851615E-05
 -4.100000E-04  3.851615E-05 -1.985162E-04
   2  24
 -1.385162E-04  0.000000E+00  0.000000E+00
  0.000000E+00 -2.485162E-04  0.000000E+00
  0.000000E+00  0.000000E+00 -2.485162E-04
   2  25
 -3.148385E-05 -3.851620E-05  3.851615E-05
 -3.851620E-05 -1.985162E-04 -4.100000E-04
  3.851615E-05 -4.100000E-04 -1.985162E-04
   2  26
 -2.485162E-04  0.000000E+00  0.000000E+00
  0.000000E+00 -2.485162E-04  0.000000E+00
  0.000000E+00  0.000000E+00 -1.385162E-04
   2  27
  4.083675E-03  8.336751E-04  8.336751E-04
  8.336751E-04 -1.678850E-03 -1.674402E-03
  8.336751E-04 -1.674402E-03 -1.678850E-03
   2  28
 -1.678850E-03 -8.336808E-04 -1.674402E-03
 -8.336808E-04  4.083675E-03  8.336751E-04
 -1.674402E-03  8.336751E-04 -1.678850E-03
   2  29
 -1.985162E-04  4.100000E-04 -3.851620E-05
  4.100000E-04 -1.985162E-04 -3.851620E-05
 -3.851620E-05 -3.851620E-05 -3.148385E-05
   2  30
  0.000000E+00  0.000000E+00  0.000000E+00
  0.000000E+00  0.000000E+00  0.000000E+00
  0.000000E+00  0.000000E+00  0.000000E+00
   2  31
  2.014838E-04 -3.385162E-04  3.385162E-04
 -3.385162E-04  5.155483E-04  6.029676E-04
  3.385162E-04  6.029676E-04  5.155483E-04
   2  32
  5.155483E-04 -3.385162E-04  6.029676E-04
 -3.385162E-04  2.014838E-04  3.385162E-04
  6.029676E-04  3.385162E-04  5.155483E-04
   2  33
  0.000000E+00  0.000000E+00  0.000000E+00
  0.000000E+00  0.000000E+00  0.000000E+00
  0.000000E+00  0.000000E+00  0.000000E+00
   2  34
  5.155483E-04 -6.029677E-04  3.385162E-04
 -6.029677E-04  5.155483E-04  3.385162E-04
  3.385162E-04  3.385162E-04  2.014838E-04
   2  35
  0.000000E+00  0.000000E+00  0.000000E+00
  0.000000E+00  0.000000E+00  0.000000E+00
  0.000000E+00  0.000000E+00  0.000000E+00
   2  36
 -1.985162E-04 -4.100000E-04  3.851615E-05
 -4.100000E-04 -1.985162E-04 -3.851620E-05
  3.851615E-05 -3.851620E-05 -3.148385E-05
   2  37
 -1.985162E-04 -4.100000E-04 -3.851620E-05
 -4.100000E-04 -1.985162E-04  3.851615E-05
 -3.851620E-05  3.851615E-05 -3.148385E-05
   2  38
  4.083675E-03  8.336751E-04 -8.336808E-04
  8.336751E-04 -1.678850E-03  1.674375E-03
 -8.336808E-04  1.674375E-03 -1.678850E-03
   2  39
 -1.678850E-03 -8.336808E-04  1.674375E-03
 -8.336808E-04  4.083675E-03 -8.336808E-04
  1.674375E-03 -8.336808E-04 -1.678850E-03
   2  40
  0.000000E+00  0.000000E+00  0.000000E+00
  0.000000E+00  0.000000E+00  0.000000E+00
  0.000000E+00  0.000000E+00  0.000000E+00
   2  41
 -1.985162E-04 -3.851620E-05  4.100000E-04
 -3.851620E-05 -3.148385E-05  3.851615E-05
  4.100000E-04  3.851615E-05 -1.985162E-04
   2  42
  0.000000E+00  0.000000E+00  0.000000E+00
  0.000000E+00  0.000000E+00  0.000000E+00
  0.000000E+00  0.000000E+00  0.000000E+00
   2  43
 -3.148385E-05  3.851615E-05  3.851615E-05
  3.851615E-05 -1.985162E-04  4.100000E-04
  3.851615E-05  4.100000E-04 -1.985162E-04
   2  44
 -1.678850E-03 -1.674402E-03  8.336751E-04
 -1.674402E-03 -1.678850E-03  8.336751E-04
  8.336751E-04  8.336751E-04  4.083675E-03
   2  45
 -1.985162E-04  3.851615E-05  4.100000E-04
  3.851615E-05 -3.148385E-05 -3.851620E-05
  4.100000E-04 -3.851620E-05 -1.985162E-04
   2  46
 -3.148385E-05 -3.851620E-05 -3.851620E-05
 -3.851620E-05 -1.985162E-04  4.100000E-04
 -3.851620E-05  4.100000E-04 -1.985162E-04
   2  47
  0.000000E+00  0.000000E+00  0.000000E+00
  0.000000E+00  0.000000E+00  0.000000E+00
  0.000000E+00  0.000000E+00  0.000000E+00
   2  48
  2.400000E-04 -3.400000E-04 -3.400000E-04
 -3.400000E-04  2.400000E-04 -3.400000E-04
 -3.400000E-04 -3.400000E-04  2.400000E-04
   2  49
  0.000000E+00  0.000000E+00  0.000000E+00
  0.000000E+00  0.000000E+00  0.000000E+00
  0.000000E+00  0.000000E+00  0.000000E+00
   2  50
  0.000000E+00  0.000000E+00  0.000000E+00
  0.000000E+00  0.000000E+00  0.000000E+00
  0.000000E+00  0.000000E+00  0.000000E+00
   2  51
  5.155483E-04 -6.029677E-04 -3.385162E-04
 -6.029677E-04  5.155483E-04 -3.385162E-04
 -3.385162E-04 -3.385162E-04  2.014838E-04
   2  52
  0.000000E+00  0.000000E+00  0.000000E+00
  0.000000E+00  0.000000E+00  0.000000E+00
  0.000000E+00  0.000000E+00  0.000000E+00
   2  53
  0.000000E+00  0.000000E+00  0.000000E+00
  0.000000E+00  0.000000E+00  0.000000E+00
  0.000000E+00  0.000000E+00  0.000000E+00
   2  54
  2.400000E-04  3.400000E-04 -3.400000E-04
  3.400000E-04  2.400000E-04  3.400000E-04
 -3.400000E-04  3.400000E-04  2.400000E-04
   2  55
  0.000000E+00  0.000000E+00  0.000000E+00
  0.000000E+00  0.000000E+00  0.000000E+00
  0.000000E+00  0.000000E+00  0.000000E+00
   2  56
  2.400000E-04  3.400000E-04  3.400000E-04
  3.400000E-04  2.400000E-04 -3.400000E-04
  3.400000E-04 -3.400000E-04  2.400000E-04
   2  57
  0.000000E+00  0.000000E+00  0.000000E+00
  0.000000E+00  0.000000E+00  0.000000E+00
  0.000000E+00  0.000000E+00  0.000000E+00
   2  58
  2.014838E-04  3.385162E-04 -3.385162E-04
  3.385162E-04  5.155483E-04  6.029676E-04
 -3.385162E-04  6.029676E-04  5.155483E-04
   2  59
  5.155483E-04  3.385162E-04  6.029676E-04
  3.385162E-04  2.014838E-04 -3.385162E-04
  6.029676E-04 -3.385162E-04  5.155483E-04
   2  60
 -2.291484E-03 -1.325815E-04 -1.325815E-04
 -1.325815E-04 -1.155487E-04 -1.325815E-04
 -1.325815E-04 -1.325815E-04 -1.155487E-04
   2  61
 -1.155487E-04 -1.325815E-04 -1.325815E-04
 -1.325815E-04 -2.291484E-03 -1.325815E-04
 -1.325815E-04 -1.325815E-04 -1.155487E-04
   2  62
  0.000000E+00  0.000000E+00  0.000000E+00
  0.000000E+00  0.000000E+00  0.000000E+00
  0.000000E+00  0.000000E+00  0.000000E+00
   2  63
  0.000000E+00  0.000000E+00  0.000000E+00
  0.000000E+00  0.000000E+00  0.000000E+00
  0.000000E+00  0.000000E+00  0.000000E+00
   2  64
  0.000000E+00  0.000000E+00  0.000000E+00
  0.000000E+00  0.000000E+00  0.000000E+00
  0.000000E+00  0.000000E+00  0.000000E+00
   2  65
  0.000000E+00  0.000000E+00  0.000000E+00
  0.000000E+00  0.000000E+00  0.000000E+00
  0.000000E+00  0.000000E+00  0.000000E+00
   2  66
 -1.155487E-04  1.325803E-04 -1.325815E-04
  1.325803E-04 -1.155487E-04  1.325803E-04
 -1.325815E-04  1.325803E-04 -2.291484E-03
   2  67
  0.000000E+00  0.000000E+00  0.000000E+00
  0.000000E+00  0.000000E+00  0.000000E+00
  0.000000E+00  0.000000E+00  0.000000E+00
   2  68
 -1.155487E-04  1.325803E-04  1.325803E-04
  1.325803E-04 -1.155487E-04 -1.325815E-04
  1.325803E-04 -1.325815E-04 -2.291484E-03
   2  69
 -1.155487E-04  1.325803E-04 -1.325815E-04
  1.325803E-04 -2.291484E-03  1.325803E-04
 -1.325815E-04  1.325803E-04 -1.155487E-04
   2  70
 -2.291484E-03  1.325803E-04  1.325803E-04
  1.325803E-04 -1.155487E-04 -1.325815E-04
  1.325803E-04 -1.325815E-04 -1.155487E-04
   2  71
  0.000000E+00  0.000000E+00  0.000000E+00
  0.000000E+00  0.000000E+00  0.000000E+00
  0.000000E+00  0.000000E+00  0.000000E+00
   2  72
 -1.985162E-04  4.100000E-04  3.851615E-05
  4.100000E-04 -1.985162E-04  3.851615E-05
  3.851615E-05  3.851615E-05 -3.148385E-05
   2  73
 -3.148385E-05  3.851615E-05 -3.851620E-05
  3.851615E-05 -1.985162E-04 -4.100000E-04
 -3.851620E-05 -4.100000E-04 -1.985162E-04
   2  74
 -1.985162E-04 -3.851620E-05 -4.100000E-04
 -3.851620E-05 -3.148385E-05 -3.851620E-05
 -4.100000E-04 -3.851620E-05 -1.985162E-04
   2  75
  0.000000E+00  0.000000E+00  0.000000E+00
  0.000000E+00  0.000000E+00  0.000000E+00
  0.000000E+00  0.000000E+00  0.000000E+00
   2  76
  0.000000E+00  0.000000E+00  0.000000E+00
  0.000000E+00  0.000000E+00  0.000000E+00
  0.000000E+00  0.000000E+00  0.000000E+00
   2  77
 -1.385162E-04  0.000000E+00  0.000000E+00
  0.000000E+00 -2.485162E-04  0.000000E+00
  0.000000E+00  0.000000E+00 -2.485162E-04
   2  78
 -3.148385E-05 -3.851620E-05  3.851615E-05
 -3.851620E-05 -1.985162E-04 -4.100000E-04
  3.851615E-05 -4.100000E-04 -1.985162E-04
   2  79
 -2.485162E-04  0.000000E+00  0.000000E+00
  0.000000E+00 -1.385162E-04  0.000000E+00
  0.000000E+00  0.000000E+00 -2.485162E-04
   2  80
 -1.985162E-04  3.851615E-05 -4.100000E-04
  3.851615E-05 -3.148385E-05  3.851615E-05
 -4.100000E-04  3.851615E-05 -1.985162E-04
   2  81
  0.000000E+00  0.000000E+00  0.000000E+00
  0.000000E+00  0.000000E+00  0.000000E+00
  0.000000E+00  0.000000E+00  0.000000E+00
   2  82
  0.000000E+00  0.000000E+00  0.000000E+00
  0.000000E+00  0.000000E+00  0.000000E+00
  0.000000E+00  0.000000E+00  0.000000E+00
   2  83
  0.000000E+00  0.000000E+00  0.000000E+00
  0.000000E+00  0.000000E+00  0.000000E+00
  0.000000E+00  0.000000E+00  0.000000E+00
   2  84
 -2.485162E-04  0.000000E+00  0.000000E+00
  0.000000E+00 -2.485162E-04  0.000000E+00
  0.000000E+00  0.000000E+00 -1.385162E-04
   2  85
  0.000000E+00  0.000000E+00  0.000000E+00
  0.000000E+00  0.000000E+00  0.000000E+00
  0.000000E+00  0.000000E+00  0.000000E+00
   2  86
  0.000000E+00  0.000000E+00  0.000000E+00
  0.000000E+00  0.000000E+00  0.000000E+00
  0.000000E+00  0.000000E+00  0.000000E+00
   2  87
 -1.985162E-04  4.100000E-04 -3.851620E-05
  4.100000E-04 -1.985162E-04 -3.851620E-05
 -3.851620E-05 -3.851620E-05 -3.148385E-05
   2  88
  0.000000E+00  0.000000E+00  0.000000E+00
  0.000000E+00  0.000000E+00  0.000000E+00
  0.000000E+00  0.000000E+00  0.000000E+00
   2  89
  0.000000E+00  0.000000E+00  0.000000E+00
  0.000000E+00  0.000000E+00  0.000000E+00
  0.000000E+00  0.000000E+00  0.000000E+00
   2  90
  0.000000E+00  0.000000E+00  0.000000E+00
  0.000000E+00  0.000000E+00  0.000000E+00
  0.000000E+00  0.000000E+00  0.000000E+00
   2  91
 -1.155487E-04 -1.325815E-04  1.325803E-04
 -1.325815E-04 -2.291484E-03  1.325803E-04
  1.325803E-04  1.325803E-04 -1.155487E-04
   2  92
  0.000000E+00  0.000000E+00  0.000000E+00
  0.000000E+00  0.000000E+00  0.000000E+00
  0.000000E+00  0.000000E+00  0.000000E+00
   2  93
 -2.291484E-03 -1.325815E-04  1.325803E-04
 -1.325815E-04 -1.155487E-04  1.325803E-04
  1.325803E-04  1.325803E-04 -1.155487E-04
   2  94
  0.000000E+00  0.000000E+00  0.000000E+00
  0.000000E+00  0.000000E+00  0.000000E+00
  0.000000E+00  0.000000E+00  0.000000E+00
   2  95
  0.000000E+00  0.000000E+00  0.000000E+00
  0.000000E+00  0.000000E+00  0.000000E+00
  0.000000E+00  0.000000E+00  0.000000E+00
   2  96
  0.000000E+00  0.000000E+00  0.000000E+00
  0.000000E+00  0.000000E+00  0.000000E+00
  0.000000E+00  0.000000E+00  0.000000E+00
   2  97
  0.000000E+00  0.000000E+00  0.000000E+00
  0.000000E+00  0.000000E+00  0.000000E+00
  0.000000E+00  0.000000E+00  0.000000E+00
   2  98
  0.000000E+00  0.000000E+00  0.000000E+00
  0.000000E+00  0.000000E+00  0.000000E+00
  0.000000E+00  0.000000E+00  0.000000E+00
   2  99
 -1.155487E-04 -1.325815E-04  1.325803E-04
 -1.325815E-04 -1.155487E-04  1.325803E-04
  1.325803E-04  1.325803E-04 -2.291484E-03
   3   1
 -2.943049E-02  2.039828E-02 -2.040381E-02
  2.039828E-02 -2.943049E-02  2.039828E-02
 -2.040381E-02  2.039828E-02 -2.943049E-02
   3   2
  4.083675E-03  8.336751E-04 -8.336808E-04
  8.336751E-04 -1.678850E-03  1.674375E-03
 -8.336808E-04  1.674375E-03 -1.678850E-03
   3   3
  1.190875E-01  0.000000E+00  0.000000E+00
  0.000000E+00  1.190875E-01  0.000000E+00
  0.000000E+00  0.000000E+00  1.190875E-01
   3   4
 -1.678850E-03  1.674375E-03  8.336751E-04
  1.674375E-03 -1.678850E-03 -8.336808E-04
  8.336751E-04 -8.336808E-04  4.083675E-03
   3   5
 -1.678850E-03 -8.336808E-04 -1.674402E-03
 -8.336808E-04  4.083675E-03  8.336751E-04
 -1.674402E-03  8.336751E-04 -1.678850E-03
   3   6
 -1.155487E-04 -1.325815E-04 -1.325815E-04
 -1.325815E-04 -2.291484E-03 -1.325815E-04
 -1.325815E-04 -1.325815E-04 -1.155487E-04
   3   7
  5.155483E-04 -6.029677E-04  3.385162E-04
 -6.029677E-04  5.155483E-04  3.385162E-04
  3.385162E-04  3.385162E-04  2.014838E-04
   3   8
  2.014838E-04  3.385162E-04  3.385162E-04
  3.385162E-04  5.155483E-04 -6.029677E-04
  3.385162E-04 -6.029677E-04  5.155483E-04
   3   9
 -2.291484E-03 -1.325815E-04  1.325803E-04
 -1.325815E-04 -1.155487E-04  1.325803E-04
  1.325803E-04  1.325803E-04 -1.155487E-04
   3  10
  5.155483E-04 -6.029677E-04 -3.385162E-04
 -6.029677E-04  5.155483E-04 -3.385162E-04
 -3.385162E-04 -3.385162E-04  2.014838E-04
   3  11
 -2.943049E-02 -2.040381E-02  2.039828E-02
 -2.040381E-02 -2.943049E-02  2.039828E-02
  2.039828E-02  2.039828E-02 -2.943049E-02
   3  12
  2.014838E-04 -3.385162E-04 -3.385162E-04
 -3.385162E-04  5.155483E-04 -6.029677E-04
 -3.385162E-04 -6.029677E-04  5.155483E-04
   3  13
 -2.943049E-02  2.039828E-02  2.039828E-02
  2.039828E-02 -2.943049E-02 -2.040381E-02
  2.039828E-02 -2.040381E-02 -2.943049E-02
   3  14
 -1.155487E-04  1.325803E-04  1.325803E-04
  1.325803E-04 -1.155487E-04 -1.325815E-04
  1.325803E-04 -1.325815E-04 -2.291484E-03
   3  15
 -2.943049E-02 -2.040381E-02 -2.040381E-02
 -2.040381E-02 -2.943049E-02 -2.040381E-02
 -2.040381E-02 -2.040381E-02 -2.943049E-02
   3  16
  5.155483E-04 -3.385162E-04  6.029676E-04
 -3.385162E-04  2.014838E-04  3.385162E-04
  6.029676E-04  3.385162E-04  5.155483E-04
   3  17
  5.155483E-04  3.385162E-04  6.029676E-04
  3.385162E-04  2.014838E-04 -3.385162E-04
  6.029676E-04 -3.385162E-04  5.155483E-04
   3  18
 -1.678850E-03 -8.336808E-04  1.674375E-03
 -8.336808E-04  4.083675E-03 -8.336808E-04
  1.674375E-03 -8.336808E-04 -1.678850E-03
   3  19
 -1.985162E-04 -3.851620E-05  4.100000E-04
 -3.851620E-05 -3.148385E-05  3.851615E-05
  4.100000E-04  3.851615E-05 -1.985162E-04
   3  20
 -1.678850E-03 -1.674402E-03  8.336751E-04
 -1.674402E-03 -1.678850E-03  8.336751E-04
  8.336751E-04  8.336751E-04  4.083675E-03
   3  21
 -2.485162E-04  0.000000E+00  0.000000E+00
  0.000000E+00 -1.385162E-04  0.000000E+00
  0.000000E+00  0.000000E+00 -2.485162E-04
   3  22
  4.083675E-03  8.336751E-04  8.336751E-04
  8.336751E-04 -1.678850E-03 -1.674402E-03
  8.336751E-04 -1.674402E-03 -1.678850E-03
   3  23
 -1.678850E-03 -1.674402E-03 -8.336808E-04
 -1.674402E-03 -1.678850E-03 -8.336808E-04
 -8.336808E-04 -8.336808E-04  4.083675E-03
   3  24
 -3.148385E-05  3.851615E-05 -3.851620E-05
  3.851615E-05 -1.985162E-04 -4.100000E-04
 -3.851620E-05 -4.100000E-04 -1.985162E-04
   3  25
 -1.385162E-04  0.000000E+00  0.000000E+00
  0.000000E+00 -2.485162E-04  0.000000E+00
  0.000000E+00  0.000000E+00 -2.485162E-04
   3  26
  4.083675E-03 -8.336808E-04 -8.336808E-04
 -8.336808E-04 -1.678850E-03 -1.674402E-03
 -8.336808E-04 -1.674402E-03 -1.678850E-03
   3  27
 -2.485162E-04  0.000000E+00  0.000000E+00
  0.000000E+00 -2.485162E-04  0.000000E+00
  0.000000E+00  0.000000E+00 -1.385162E-04
   3  28
 -1.985162E-04 -4.100000E-04  3.851615E-05
 -4.100000E-04 -1.985162E-04 -3.851620E-05
  3.851615E-05 -3.851620E-05 -3.148385E-05
   3  29
 -1.678850E-03  8.336751E-04  1.674375E-03
  8.336751E-04  4.083675E-03  8.336751E-04
  1.674375E-03  8.336751E-04 -1.678850E-03
   3  30
  5.155483E-04  3.385162E-04 -6.029677E-04
  3.385162E-04  2.014838E-04  3.385162E-04
 -6.029677E-04  3.385162E-04  5.155483E-04
   3  31
  2.014838E-04  3.385162E-04 -3.385162E-04
  3.385162E-04  5.155483E-04  6.029676E-04
 -3.385162E-04  6.029676E-04  5.155483E-04
   3  32
  0.000000E+00  0.000000E+00  0.000000E+00
  0.000000E+00  0.000000E+00  0.000000E+00
  0.000000E+00  0.000000E+00  0.000000E+00
   3  33
  5.155483E-04  6.029676E-04 -3.385162E-04
  6.029676E-04  5.155483E-04  3.385162E-04
 -3.385162E-04  3.385162E-04  2.014838E-04
   3  34
  0.000000E+00  0.000000E+00  0.000000E+00
  0.000000E+00  0.000000E+00  0.000000E+00
  0.000000E+00  0.000000E+00  0.000000E+00
   3  35
  0.000000E+00  0.000000E+00  0.000000E+00
  0.000000E+00  0.000000E+00  0.000000E+00
  0.000000E+00  0.000000E+00  0.000000E+00
   3  36
 -1.985162E-04  3.851615E-05 -4.100000E-04
  3.851615E-05 -3.148385E-05  3.851615E-05
 -4.100000E-04  3.851615E-05 -1.985162E-04
   3  37
 -1.678850E-03  8.336751E-04 -1.674402E-03
  8.336751E-04  4.083675E-03 -8.336808E-04
 -1.674402E-03 -8.336808E-04 -1.678850E-03
   3  38
  0.000000E+00  0.000000E+00  0.000000E+00
  0.000000E+00  0.000000E+00  0.000000E+00
  0.000000E+00  0.000000E+00  0.000000E+00
   3  39
 -1.985162E-04  4.100000E-04  3.851615E-05
  4.100000E-04 -1.985162E-04  3.851615E-05
  3.851615E-05  3.851615E-05 -3.148385E-05
   3  40
  4.083675E-03 -8.336808E-04  8.336751E-04
 -8.336808E-04 -1.678850E-03  1.674375E-03
  8.336751E-04  1.674375E-03 -1.678850E-03
   3  41
 -1.985162E-04  4.100000E-04 -3.851620E-05
  4.100000E-04 -1.985162E-04 -3.851620E-05
 -3.851620E-05 -3.851620E-05 -3.148385E-05
   3  42
 -3.148385E-05 -3.851620E-05 -3.851620E-05
 -3.851620E-05 -1.985162E-04  4.100000E-04
 -3.851620E-05  4.100000E-04 -1.985162E-04
   3  43
  0.000000E+00  0.000000E+00  0.000000E+00
  0.000000E+00  0.000000E+00  0.000000E+00
  0.000000E+00  0.000000E+00  0.000000E+00
   3  44
 -1.985162E-04 -3.851620E-05 -4.100000E-04
 -3.851620E-05 -3.148385E-05 -3.851620E-05
 -4.100000E-04 -3.851620E-05 -1.985162E-04
   3  45
 -1.678850E-03  1.674375E-03 -8.336808E-04
  1.674375E-03 -1.678850E-03  8.336751E-04
 -8.336808E-04  8.336751E-04  4.083675E-03
   3  46
  0.000000E+00  0.000000E+00  0.000000E+00
  0.000000E+00  0.000000E+00  0.000000E+00
  0.000000E+00  0.000000E+00  0.000000E+00
   3  47
 -3.148385E-05  3.851615E-05  3.851615E-05
  3.851615E-05 -1.985162E-04  4.100000E-04
  3.851615E-05  4.100000E-04 -1.985162E-04
   3  48
  0.000000E+00  0.000000E+00  0.000000E+00
  0.000000E+00  0.000000E+00  0.000000E+00
  0.000000E+00  0.000000E+00  0.000000E+00
   3  49
  0.000000E+00  0.000000E+00  0.000000E+00
  0.000000E+00  0.000000E+00  0.000000E+00
  0.000000E+00  0.000000E+00  0.000000E+00
   3  50
  2.400000E-04 -3.400000E-04 -3.400000E-04
 -3.400000E-04  2.400000E-04 -3.400000E-04
 -3.400000E-04 -3.400000E-04  2.400000E-04
   3  51
  0.000000E+00  0.000000E+00  0.000000E+00
  0.000000E+00  0.000000E+00  0.000000E+00
  0.000000E+00  0.000000E+00  0.000000E+00
   3  52
  5.155483E-04 -3.385162E-04 -6.029677E-04
 -3.385162E-04  2.014838E-04 -3.385162E-04
 -6.029677E-04 -3.385162E-04  5.155483E-04
   3  53
  0.000000E+00  0.000000E+00  0.000000E+00
  0.000000E+00  0.000000E+00  0.000000E+00
  0.000000E+00  0.000000E+00  0.000000E+00
